x <-
structure(list(Temperature = c(0, 10, 20, 30, 40, 50, 60), O2 = c(2.5499999999999998, 
3.27, 4.0099999999999998, 4.75, 5.3499999999999996, 5.8799999999999999, 
6.29), air = c(4.3200000000000003, 5.4900000000000002, 6.6399999999999997, 
7.71, 8.6999999999999993, 9.4600000000000009, 10.1), CO2 = c(0.072999999999999995, 
0.104, 0.14199999999999999, 0.186, 0.223, 0.28299999999999997, 
0.34100000000000003), H2 = c(5.79, 6.3600000000000003, 6.8300000000000001, 
7.29, 7.5099999999999998, 8.6500000000000004, 7.6500000000000004
), N = c(5.29, 6.6799999999999997, 8.0399999999999991, 9.2400000000000002, 
10.4, 11.300000000000001, 12)), row.names = c(NA, 7L), class = "data.frame")
